1.1
使用的模拟数据如下：（μ,σ,[len,row]）
X1 = normrnd(3,0.5,[200,1]);  
Y1 = normrnd(6,2,[200,1]);  

X2 = normrnd(0,2,[200,1]);  
Y2 = normrnd(2,2,[200,1]);  

	协方差相等的LDA
W=μ_1-μ_2=[3;4],x0=[1.5,4]
分界线为y=-3/4*(x-1.5)
    准确率：94%
	Fisher
	
分界线为y=0.7742*x+0.0147
 	准确率：59.75%
两种方法对比： 红线为LDA，绿线为fisher

 


1.2 
分层按1/5比例取测试集，分别计算训练误差和测试集准确率，结果如下：
运行截图：
 

程序运行结果：        ovo（分六个分类器投票法）测试集准确率：58%
							训练误差：0.1408
accurate_1 =           mvm（22分、13分共七个分类器）测试集准确率：96.15%
                            训练误差：0.2575
    0.5800                   海明距离如下：
trainerror_1 =
    0.1408
trainerror_2 =
    0.2575
hmdistance =
3     2     0     0    4    2     0     0     1     4     4     1     0    2    3     2     0     3    4    4     4     0     0     2     1     1     2    3     2     1     2     1    2    3     2     3     3     3     3     2     2    3     2     2     2     2    2    3     2     2     2     3     2     2     3    1     2     1     1     2    3    2     3     3     3     2     2     2     2    2     2     2     3     2    3    1     3     2     1     1     2     2     1    1     2     2     1     2    1    1     2     1     1     1     2     2     1     1    1     2     4     3    2
